{
    "calibration_date": "2024-02-13 21:28:00.651285",
    "camera_resolution": {
        "type_id": "opencv-matrix",
        "rows": 2,
        "cols": 1,
        "dt": "d",
        "data": [ 800.0, 1280.0 ]
    },
    "camera_matrix": {
        "type_id": "opencv-matrix",
        "rows": 3,
        "cols": 3,
        "dt": "d",
        "data": [ 1.0838690603561281e+03, 0.0, 6.6563677884506217e+02,
            0.0, 1.0841710606104048e+03, 3.3641616399460338e+02, 0.0,
            0.0, 1.0 ]
    },
    "distortion_coefficients": {
        "type_id": "opencv-matrix",
        "rows": 1,
        "cols": 5,
        "dt": "d",
        "data": [ -4.9078241139257128e-01, 4.4998370091643819e-01,
            6.1718007710292325e-03, -3.0603457572008527e-03,
            -2.8248978370616346e-01 ]
    }
}
