{
    "calibration_date": "2024-02-13 20:23:17.219222",
    "camera_resolution": {
        "type_id": "opencv-matrix",
        "rows": 2,
        "cols": 1,
        "dt": "d",
        "data": [ 400.0, 640.0 ]
    },
    "camera_matrix": {
        "type_id": "opencv-matrix",
        "rows": 3,
        "cols": 3,
        "dt": "d",
        "data": [ 5.4950535200935360e+02, 0.0, 2.9926053956529830e+02,
            0.0, 5.4933690789074842e+02, 2.0159105695193506e+02, 0.0,
            0.0, 1.0 ]
    },
    "distortion_coefficients": {
        "type_id": "opencv-matrix",
        "rows": 1,
        "cols": 5,
        "dt": "d",
        "data": [ -5.0450171478302130e-01, 4.5323620177840129e-01,
            -1.4303211082942044e-03, 3.2250606964951399e-03,
            -2.6647946221835805e-01 ]
    }
}
